1.1633390779327906
-0.9139649714562414
0.4505441976211611
-1.112760995295216
0.13318911778388423
0.7076209728903664
-1.6155284168126958
-0.6071600894129462
-1.0819408353029203
0.03122047328900868
-0.12179225461564322
0.31716792475194894
-0.41903957954970356
-0.0377798755846361
0.542375360150838
2.0933913192827207
0.346809449633688
1.5143555525729675
-0.615326879158489
0.3690751664433637
0.5714430128045773
0.21837224516178533
-1.3820385197328493
0.24568995935043633
1.0907242644788027
0.17145481946266652
0.7910366988542216
1.3178908264631473
-0.9293045095012685
-0.32638888502494795
-0.4959383864460946
-0.6610670838325592
-0.059221028330443716
0.21829898842133574
0.5014798936558814
-1.077039433156534
-2.2117692722159235
0.48462494873776585
0.9673169791870899
-0.20198481889553227
-0.26375216377197824
-0.05457343981128337
-0.852732001997823
0.8455779981565893
-1.0843624944822483
-0.43946887486986014
1.104530741849783
-0.3897381282147366
0.9377334735600599
-0.02496014905171232
-0.8995615803343142
1.016150497178484
-0.7448993158241793
0.4154742331435702
-2.4982220642435236
-0.32912032553457304
-1.0327184131366502
0.932194600064593
-0.09587202731993173
-0.571353513872857
-0.8677494152429938
-0.009962845527987239
1.2658914733703575
-0.5174308504273584
0.28975892807952347
-0.6409356159718682
1.3827200068762464
-0.15606470162235017
-0.9768884810272382
0.4030455568179597
-0.5417797882711095
-1.1962627702678812
-1.064490532311609
-1.3611637529030156
-0.460767016139196
0.8550382161534932
0.6275507316862042
-0.8908130483225438
-0.5886459626339235
1.5199905395828266
0.48076438858956705
-0.48041054526536725
-1.6793862949084821
1.4531770322580733
0.8939918400876115
0.11181115549897828
0.7987452301466654
-1.1332674425560847
0.2606910079014948
0.3996194746479824
0.7552123602714589
0.9539214785573576
0.6344650733779147
1.5909398263929648
-0.05113293234714211
-0.8207875332215866
-0.32686433178344587
0.3596174527616682
0.281506674578588
-0.7010153185672938
