-0.4995206225684598
1.0683137076346354
1.31535347760084
-0.5408478080933763
0.27603973795442033
0.12359630914407875
-1.0673656823862183
-0.1889075242023743
-0.9877902268721899
-0.34194231731207786
-3.4647208745263764
0.27658112349682284
0.5986746986387285
1.4959207482713504
-0.6233724527525648
-0.8255737682896178
-0.15218187370686942
-0.5791783044532728
-0.7093252648112153
-0.7235070347296845
-0.4480026475053992
-1.0170803043128236
0.2401289583774431
1.7409241833158828
-0.18526050828780627
1.9487797248250787
0.15180339101628473
1.812380192862124
1.296165654479268
1.2719329570131892
-0.7268585580626347
-0.8253688294664949
2.0973592992297063
0.29316088027567583
-1.4602778323335175
0.7416281844456053
0.9452568441334741
0.7846318648497179
0.6900872793361552
-1.658603488754112
-0.21375631522078314
-0.5926376177184927
0.20834849736227457
-1.764262601171395
1.9670782968698843
0.45821728257139144
1.5135641709112932
-0.05339574197838596
1.5026860302574871
1.433337529078506
-0.9647664580450799
-0.5740287856344517
-0.27036672792654365
1.1113219024726821
0.4596248212295332
1.1513068053681779
0.6550200729448132
0.039145699369509075
-1.418323809977978
1.6688833954434932
-2.634144803588482
0.14481498213674274
0.7480127567773949
0.5767342193026301
-0.7579120685518249
-2.0161024711181597
-1.6791685644728376
0.025642417893191247
1.028564687884295
-1.8452403380644646
-0.5259515125672021
0.7037209821356016
-1.3507590031602217
-2.9734266331474415
1.088686801884234
-0.9945842429490195
0.1457272843022499
0.5841153402137736
-1.4886213622136029
-1.0699959470265605
-0.38158886254228314
-0.5895898893244831
-0.39513907698685524
0.6444474889545599
0.09456101849730372
0.5418481937455436
0.09486221797284078
0.33174608214482126
-0.9168217855177213
-1.7287262115813935
-0.29805731600063945
-0.5965941611040634
-1.2414568308581195
0.20233897578603804
-1.244779668038563
-0.6346991668497365
0.7510397019543597
1.6174289774891186
1.4700000956605221
-0.8987741563383431
