0.8360966881478773
-0.31944701313018764
-1.2522872508661085
2.131416526934371
0.19925516446586766
0.22177618122738413
0.15718787723970284
-0.10580315967327647
-1.0220378764312634
1.8893148572875715
1.4153454795858122
1.2830765009807101
0.38473812521130185
0.27281020619240337
-0.31146495406510744
0.10803981104677246
0.5004545184822335
-0.4947895338712611
-0.5094676786608119
-0.27517026430949654
0.69024633458918
0.5732481608381927
1.6795796718360594
0.6672230625377849
1.833930416483395
0.6461492418747821
-0.14652150897309468
0.1554581444130877
0.424156129405957
-0.8670411780308349
0.39134166613289045
0.020931725968215298
-0.4631881575384672
-0.1019788907132625
1.7817554647499265
1.0732950462055717
0.7717698005823624
1.265033034621514
0.2371974908990217
-0.4626511122927286
-0.5359057938678053
0.8981120411198267
1.7506475429459933
1.5030757877653849
-0.1764206167617539
1.1835170380450855
0.21876637592173842
0.8035684867668631
-0.9405160118624625
0.5040467339963395
1.0218002242747115
0.400353496308752
1.016216959715186
-0.1774737417315797
-0.6821087344083814
-0.04195925514970478
0.20485788516326248
1.4064014589578766
-0.7803805013144562
-1.1926803282092975
0.4565789794851734
-0.10274393468950016
-1.0405179282576547
0.46716122233827284
1.279074860924546
0.034008879905055134
0.09819417667637204
1.2634010637712523
0.31314856186550355
1.2134766653271845
1.5680118514897505
-0.8058414606989495
-0.5609242106149794
0.3744023110819542
2.6730602482733268
-1.1434675372718246
1.5568432241044243
1.8331137366612797
-0.6277752532502476
0.6490723245408714
-1.8658726351256512
-0.3605845171683033
-0.6460506664256469
0.1461228946581687
-0.20982962026109486
2.512706189579111
0.722180930941256
1.836777004258217
1.0488407816382854
4.034716258024595
1.3427572334431952
1.8180928698308476
-0.9800480819063062
-0.7440351481881482
0.692061574926713
-1.5669146095981437
0.39917100310863174
-1.0793265602643787
0.502365655843106
1.050682577374169
