-1.0807230825882606
-0.5552596088718444
-0.010901216265718716
1.1826423480290311
1.564313531625174
1.0422370082328851
0.08235504561025941
0.10894319896296378
0.302860425630192
0.140581513054991
2.848138591858878
-0.12425855321043433
2.090458817312042
1.5248442629902514
-0.9112463576181236
0.908412197977233
0.8125226813491373
1.92269596156803
1.0303948810939345
2.2304061420099144
0.5582339134786879
0.006663673076212406
0.31805971451011184
1.9527855541690353
-0.6389997095952846
0.5911012936356317
1.776650577483203
-1.0011918790640526
0.15262359374178425
1.2312226103152404
0.6533186090380673
1.363738376729043
2.8730034995380755
0.5495701329770912
1.2657429084956686
1.0719247359530961
0.6564144847977682
1.077363820814522
2.2196626795966035
1.0051688505860195
0.16801515686137558
0.4026054609526263
1.1968719256968359
1.3407508680221707
-0.11754633405814885
2.441741442807741
2.628820387776006
-0.25488639044939365
-0.26896481850592746
0.7867929169101084
1.5009425492294652
0.9905324559717958
2.6560525827541683
0.8244618300733286
1.1273896605556484
0.21229462232407725
2.8771001754227314
1.0736394534489424
0.14442588077394014
3.1510530413899036
0.5847733636093686
0.9824726639299264
0.589446398408153
0.5081482920207911
2.776476007933716
0.10343413799649348
3.9812420817699192
0.7231288519834943
0.32907251725306685
2.955238183772777
2.3761621462577263
2.4063864608050585
0.8619768776393466
0.9652097758170228
1.3544911364583285
0.2530531903656592
-0.9085870655384496
1.0188089539791714
-1.80352200741366
1.7567341673242485
1.0798797851653805
2.579702588795395
0.9046540426989383
0.5815923290874923
1.6853961783843097
2.0236432073458492
-0.8053802783507529
1.475332413443425
1.0936438957439563
0.11037246472215156
0.7784469821970506
0.13352297910738742
0.1296590088437849
0.5705945009533362
2.6060148052326904
0.7263454213644198
1.9367852840964255
0.9016420147971506
0.2751944506116062
2.3093770148853787
