-1.4791081714305765
0.23087023010062957
-1.9750286431603612
-0.5042599662142941
-0.5462525734653216
-0.8590153239505607
-1.1492604867551912
0.035047203953827655
-3.1409226536889117
0.315184824599948
0.16426179045857947
0.25196048717485153
-0.49350016824137233
-0.30623573707152674
0.8307470037605171
0.3970565486357669
0.047331988513310774
0.8563546739330625
-0.7452352569345286
-0.3958941699732534
-1.6014818031492635
0.2377731599001497
-0.04785619308023237
0.6587195534246926
1.3284972500344872
0.6304710386755907
0.3258895449539
-0.10157313373457166
-1.373401774810917
-0.6600180539946665
-1.9433516000282947
0.7592784229784624
-0.6314313488023962
0.4196125081444423
-1.6480461569253348
0.0518906763644168
-1.1348992389922379
-1.9121896116545605
0.8758441885870314
-1.0679822495678877
0.03961587935473765
-2.159636097025995
0.31615835785483604
-1.6676857144735489
-0.8200612023101554
-1.6204591953938914
0.8758827255595507
-1.4760801140125368
-0.8582497130058826
0.8705697244659076
-0.5468419087037492
0.3271457101765526
-1.0251502366802077
-0.7999688636441094
-2.122813644701771
1.022856657688078
-1.5008000430352055
-0.6588684912577093
-0.35905145896236357
-0.608931236192262
0.22458057120232344
1.4634157711452507
-1.7835417421544726
-1.8105777907321274
-0.461856948625571
-1.082414215290115
-1.1732101524464524
-0.5962707270775068
-1.9157168211941802
-0.8807588971630229
-1.2466780387077188
-0.011025547356880161
-0.988034673686703
-0.5190509332971471
-1.6716684148570333
-0.09031497134932315
-1.3596663303425442
-0.16387538016261605
1.000468631828526
-1.054673559900806
-1.279471040810961
-0.2645581836147465
0.5786125435638971
-0.5002205309386395
-2.4583418534662913
-1.601025589866717
-0.6864419698170152
-0.5713312127466238
-2.46643914576452
-0.7431620484415532
-0.4118655439796228
-1.4309442228579885
-1.3544937293116903
0.420025795681064
-0.05163628980869056
0.08455693760609617
-0.39597688235572015
-0.8744362860912407
-0.3485035734630225
0.46122828775235236
