-0.28818243909776164
-0.8499249662173765
-0.9544700277994732
-0.3287281070485254
-0.5182160569117971
-0.7668801448691223
-0.41226793572879283
-1.5818627754404144
-2.303797614458357
0.3563637585195176
-0.04525940324908806
-1.3373655472391417
-0.10204957891356103
-1.6852589425028133
-2.790289769030103
-1.845736711537889
-1.02841579401311
-0.5607363001380459
-1.0681312585068443
-1.0738706080934965
0.038797631899088136
-1.8547656690396748
-0.9555420170248732
-1.9634544599943284
-0.0716636426681051
-1.8427184985669387
-1.4726360373518381
1.053303679752036
-0.6402194568800299
0.35463820880156605
-1.550147742933326
0.6646138586483819
0.9541327482088062
0.4023447314810755
-2.779820670404553
-1.8458304006851542
-0.40374122783899835
0.059253593852819586
-2.8486914786197137
-1.8260018885537637
-1.7434986474145937
0.21858828065302016
-0.7309728260965689
-1.6020573628696546
-0.9231811305276941
-0.8410476115869523
-1.0188547789685627
-0.483207806213375
-2.654699569400206
-2.0746366180103406
-1.7496210663486478
-2.060848221176504
-2.1003533858560015
-1.5860748024501063
0.03544567914899033
-2.15896114845278
-1.243072770034196
-0.41882436419921565
-1.5560685987840674
-0.872701129948313
-1.6687767260280701
-2.2923024251620205
-0.055226605358592806
-1.7698557890697164
-1.102362904846557
-1.6940863626236087
1.0440693512804748
-1.1950426455251209
0.06710074719239634
-1.680802159229367
-0.2804095398786708
-1.5697786225415737
-2.732595500317415
-0.4377707358113918
-1.4609999890487153
-1.1572355253136122
-0.2555666735558587
-0.9363115469120128
-1.275496070454574
-1.0720376033257406
-1.9517899113976984
-0.7892413111114829
-2.6137933967437035
-2.007538642118747
-1.2009531646951657
-2.2911001355670373
-2.5034283224292526
-1.7412189851110242
-1.039710683970487
-1.385441342561032
-2.4263493306911306
2.6070746482906526
-1.285806581030366
-1.7157474987542929
0.561951763399944
-1.1249275864338653
0.209465547195957
-1.855387683766259
-0.3134243787882469
-2.5220052252588507
